301 144 338 100
297 313 338 100
294 494 338 100
288 665 338 100
287 845 338 100
463 850 338 100
639 855 339 100
816 860 339 100
992 865 339 100
1168 870 339 100
1172 685 339 100
1175 517 338 100
1180 342 339 100
1181 168 339 100
434 103 339 50
523 105 339 50
611 108 339 50
698 110 339 50
787 112 339 50
874 115 339 50
1051 118 339 50
1049 207 339 50
1045 382 339 50
1044 470 339 50
1042 558 339 50
1041 646 339 50
1039 733 339 50
950 731 339 50
862 729 340 50
775 726 339 50
685 724 339 50
597 721 339 50
510 719 339 50
422 717 339 50
423 629 339 50
425 541 339 50
427 453 339 50
429 365 339 50
431 279 339 50
433 190 339 50
435 103 339 50
507 178 339 40
506 236 339 40
505 295 339 40
503 353 339 40
503 411 339 40
501 471 339 40
499 528 339 40
498 588 339 40
498 646 339 40
554 646 339 40
614 648 339 40
667 650 339 40
731 651 339 40
791 653 339 40
848 653 339 40
908 656 339 40
967 658 339 40
968 600 339 40
970 541 339 40
970 483 339 40
971 424 339 40
973 365 339 40
973 307 339 40
975 248 339 40
975 191 339 40
917 246 339 30
915 305 339 30
913 422 339 30
911 481 339 30
910 539 339 30
910 598 339 30
850 596 339 30
791 594 339 30
674 592 339 30
615 590 339 30
557 590 339 30
558 530 339 30
558 471 339 30
560 413 339 30
561 355 339 30
562 296 339 30
563 238 339 30
621 297 339 20
620 356 339 20
619 414 339 20
618 473 339 20
616 531 339 20
675 533 339 20
676 474 339 20
677 415 339 20
679 357 339 20
680 300 339 20
739 301 339 20
737 359 339 20
735 477 339 20
733 535 339 20
793 537 339 20
794 478 339 20
795 420 339 20
797 362 339 20
798 303 339 20
857 304 339 20
856 363 339 20
855 422 339 20
853 480 339 20
852 539 339 20
