198.0 94.5 60.0
247.0 5.0 169.0
113.0 9.0 177.0
75.0 74.5 282.0
266.5 39.0 296.5
701.0 195.0 16.0
633.0 156.0 48.0
512.0 30.0 58.5
475.3333333333333 201.66666666666666 123.0
569.0 23.0 182.5
521.5 92.0 94.0
555.0 110.0 133.0
569.0 22.0 179.0
425.0 223.0 285.0
956.0 69.0 4.0
988.0 77.0 15.0
953.0 185.0 33.0
1053.5 11.0 95.5
1032.0 239.0 449.0
824.0 64.0 461.0
1158.0 82.5 18.5
1277.0 22.0 32.5
1172.5 91.0 142.5
1228.0 23.0 148.0
1093.0 128.0 165.0
1282.0 124.0 174.0
1088.0 134.5 198.0
1326.5 167.5 205.0
1152.0 122.0 418.0
49.0 404.5 47.0
19.0 311.5 165.0
42.0 491.0 177.0
43.0 330.5 187.0
529.0 495.0 154.5
666.0 390.0 400.0
1070.5 430.5 333.0
1285.0 428.0 47.0
1358.5 347.0 80.0
1397.0 382.0 134.0
1371.0 291.5 267.0
1192.0 447.5 307.0
16.0 714.0 143.0
162.0 626.0 156.0
5.5 583.5 299.0
608.0 784.0 15.0
533.0 634.0 82.0
452.0 690.0 87.0
586.0 636.0 88.0
620.5 610.0 111.0
506.0 584.0 179.0
579.0 716.5 207.5
435.0 691.0 273.0
968.0 693.0 41.0
887.0 649.0 41.0
907.0 587.0 43.0
948.0 705.0 50.0
812.0 650.0 398.0
1031.0 775.0 409.0
1204.5 573.5 120.5
1248.0 647.5 23.0
1129.0 748.5 39.0
1390.0 655.0 99.0
1133.0 675.0 137.0
1140.0 765.0 193.0
1320.5 614.0 366.0
118.0 971.0 54.0
280.0 929.0 77.5
340.0 898.0 80.0
246.0 993.0 403.0
100.0 857.0 486.5
526.0 861.0 66.0
446.0 1024.0 69.0
562.0 827.5 78.0
462.0 995.0 150.0
646.0 1034.0 253.0
444.0 1015.5 254.0
444.5 1013.5 265.5
636.0 905.0 407.0
1021.0 858.5 12.0
760.5 1010.0 14.5
1051.0 969.0 35.0
850.0 901.0 52.0
1372.0 838.0 17.0
1128.5 896.0 85.5
1343.5 1022.0 101.0
1323.0 903.0 302.0
1191.0 537.5 24.0
1390.0 694.0 101.0
39.0 209.0 241.5
694.0 54.75 165.75
1288.0 290.0 394.0
242.5 603.0 368.0
639.0 546.0 413.75
763.0 615.0 326.0
1226.0 623.0 387.0
39.0 206.5 279.5
895.5 69.0 62.5
979.0 126.0 239.0
17.5 839.5 287.5
1360.0 814.0 87.0
1214.0 1031.0 183.0
1264.5 1006.5 285.0
29.88888888888889 198.44444444444446 237.33333333333334
29.777777777777775 198.44444444444446 238.0
779.25 47.75 112.0
1050.0 227.0 183.0
896.5 16.5 257.0
1387.25 22.75 130.0
769.0 505.0 104.0
1076.0 489.0 293.0
350.25 748.0 95.0
89.0 573.0 138.25
91.25 793.5 281.0
496.0 706.0 168.0
1025.0 795.0 328.75
47.0 1032.0 78.5
673.0 840.0 17.75
522.0 876.5 49.0
669.0 947.0 167.0
622.0 1048.0 168.0
386.0 929.5 233.0
1017.0 1028.5 29.0
808.75 886.0 31.25
873.75 1010.75 149.75
873.5 962.0 354.0
1168.0 1017.0 23.0
1374.0 900.0 107.0
1243.0 961.0 155.0
1341.75 1033.5 192.0
809.0 3.5 23.0
13.0 190.0 192.375
34.96296296296296 119.85185185185185 219.5185185185185
34.85185185185185 119.85185185185185 220.25925925925927
178.0 13.5 256.0
57.83333333333333 147.0 266.58333333333337
215.0 16.0 286.0
923.0 208.0 63.0
788.0 38.75 362.0
1379.0 15.0 16.0
1399.0 215.0 99.75
1418.875 38.0 182.0
920.0 284.0 158.0
1311.0 338.0 31.0
1416.0 461.5 295.25
1281.0 488.0 302.0
1358.0 405.375 314.0
455.0 777.0 16.375
406.0 593.125 294.0
1025.75 619.75 193.0
873.0 754.0 365.0
1264.0 782.0 22.0
274.0 1010.0 46.0
170.0 881.0 119.0
477.0 894.0 247.0
868.625 964.75 19.0
954.0 857.5 272.0
766.0 843.0 300.0
1209.0 1071.875 19.375
1239.0 988.0 85.0
231.0 270.0 412.0
363.0 766.0 459.5
98.0 812.0 370.5
262.75 141.5 60.0
178.0 67.0 115.0
442.0 147.0 59.0
623.0 163.0 94.0
364.0 241.0 258.0
1310.0 216.0 36.0
210.0 364.0 83.0
266.0 361.0 389.25
394.5 331.0 288.0
1401.0 289.0 69.0
1126.0 462.0 478.0
234.0 770.0 78.0
32.0 606.0 93.0
688.0 602.25 80.0
616.0 581.0 258.0
445.0 830.0 36.0
471.125 198.0 49.75
471.375 198.125 50.625
1209.0 134.0 30.0
434.0 327.875 51.0
619.0 330.625 200.0
336.0 711.0 151.0
460.0 740.0 49.0
705.0 565.0 486.0
914.0 719.0 217.0
1169.0 751.0 26.0
1374.0 572.0 377.0
1331.0 4.0 98.5
640.1666666666666 539.3333333333334 37.416666666666664
1078.8333333333333 710.0 62.666666666666664
1081.0 889.25 337.0
227.0 210.0 47.0
455.0 28.0 101.0
998.0 21.375 25.875
888.0 380.75 67.0
29.0 654.25 183.0
577.0 732.0 50.0
576.875 732.375 57.0
205.0 1059.5 54.0
395.5833333333333 1052.3333333333333 251.33333333333334
395.6666666666667 1052.4166666666667 251.66666666666666
366.125 916.0 449.0
721.25 1015.875 133.625
1423.0 849.0 29.0
719.0 32.44444444444445 40.59259259259259
1125.0 531.0 221.0
1219.0 536.5 344.375
1185.0 538.4444444444445 354.962962962963
419.0 540.0 147.0
1078.3333333333333 653.0 49.916666666666664
313.0 248.0 260.1875
356.0 71.0 47.0
308.0 175.0 47.0
228.0 183.0 47.0
134.0 243.0 55.0
299.0 157.0 54.0
264.0 12.5625 63.375
80.0 16.0 73.0
158.5 8.0 78.5625
97.91666666666667 244.04166666666666 152.20833333333334
93.0 174.0 100.0
72.0 215.0 136.5
323.0 251.0 131.0
171.0 100.0 147.0
275.0 130.0 149.0
321.0 244.0 162.875
294.0 228.0 168.0
174.0 159.91666666666666 230.91666666666666
318.0 19.583333333333332 233.75
165.0 253.0 283.0
159.0 143.75 356.0
295.0 236.0 417.875
282.0 137.0 488.375
640.0 40.0 18.0
570.0 45.0 83.0
474.0 165.0 80.375
605.0 117.0 87.0
370.0 114.0 99.0
394.0 10.3125 141.375
599.0 130.0 142.0
585.0 215.0 138.0
556.0 18.0 158.0
454.0 201.0 165.0
689.8125 142.0 168.0
440.0 163.0 174.0
402.0 177.0 185.0
420.0 191.0 187.0
455.0 119.0 218.0
469.0 247.0 247.0
684.0 67.91666666666667 316.3333333333333
539.0 14.916666666666666 312.6666666666667
513.0 194.0 321.0
571.0 122.0 350.0
825.0 89.625 23.0
775.0 169.0 25.0
795.6875 45.0 208.625
765.0 125.0 27.0
871.0 213.0 48.0
1046.0 253.0 125.0
1035.0 179.0 126.0
921.0 61.0 129.1875
1010.0 187.0 137.0
782.0 190.0 152.5
885.0 251.0 180.0
1002.0 130.0 179.125
1016.0 203.0 186.0
1027.0 190.0 186.125
1007.0 164.0 207.0
1010.125 112.0 202.0
1015.6875 116.5 220.0
903.0 81.0 248.0
731.0 67.0 251.0
834.0 120.0 284.75
1022.0 108.125 339.875
946.0 98.0 413.0
1008.0 208.0 410.0625
738.0625 197.0 426.0
1171.0 224.0 18.0
1109.375 12.75 22.375
1372.0 110.0 28.0
1259.0 222.0 23.0
1316.0 129.0 27.0
1106.9444444444443 268.4444444444444 24.925925925925924
1082.0 46.0 59.125
1082.0 172.9375 91.0
1246.0 220.0 97.0
1100.0 101.0 97.0
1180.0 247.0 100.0
1158.0 203.0 108.0
1114.0 247.0 119.0
1080.0 231.0 118.0
1100.0 42.0 123.9375
1327.0 244.9375 164.0
1320.0 164.25 171.0
1424.5625 181.0 175.25
1147.0 201.0 185.0
1169.0 258.0 193.0
1261.0 139.0 223.0
1173.0 108.0 251.0
1112.0 87.625 267.0833333333333
1262.0 38.3125 279.3125
1262.0625 38.375 279.875
1256.0 247.125 308.0
1091.0 115.625 321.125
223.3125 452.5 174.0
121.0 503.0 15.0
47.4375 304.0 51.0
212.0 422.0 50.0
189.0 401.0 82.0
198.0 285.0 102.0
134.0 464.0 112.0
291.75 325.0 116.0
75.0 503.0 115.6875
126.6875 521.0 128.5
265.0 282.0 185.0
294.0 363.0 186.0
28.0 425.0 283.0
309.0 334.125 339.0
146.0 420.0 346.0
189.0 517.0 377.0
109.91666666666667 464.7916666666667 404.3333333333333
640.3333333333334 537.3333333333334 40.666666666666664
417.0 479.0 47.0
593.0 496.0 52.0
645.0 484.0 77.0
644.0 463.0 89.0
671.0 298.0 82.0
389.0 371.0 89.0
621.0 348.0 92.0
604.0 394.0 104.0
492.0 404.0 95.0
564.0 347.0 110.0
675.0 496.0 110.0
510.0 482.0 113.0
653.0 384.0 123.0
459.0 442.0 131.0
407.0625 505.0 130.0
689.0 497.0 140.0
391.0 354.0 139.0
517.0 351.0 146.0
546.0 375.0 148.0
379.0 535.0 154.0
643.0 333.0 172.0
530.0 369.0 176.0
457.0 416.8125 195.0
412.0 382.0 218.0
498.0 291.0 244.0
630.4375 452.0 230.0
527.0 356.125 255.0
401.0 281.0 279.0
618.0 442.0 289.0
374.0 490.0 297.0
655.0 502.0 311.0
715.0 302.0 319.0
574.0 404.0 408.5
622.0 321.0 431.8125
416.0 456.0 481.1875
771.0 347.0 23.0
992.0 504.0 25.0
726.0 499.0 317.0
991.0 534.5 53.0
1025.0 375.0 31.0
731.0 450.0 35.0
1043.0 458.0 40.0
1040.0 399.0 43.0
849.0 483.0 44.0625
1074.0 389.0 41.0
949.0 528.875 54.0
956.0 437.0 55.0
800.0 320.0 67.0
1031.0 522.0 79.0
783.0 487.0 104.0
832.0 457.0 123.3125
865.0 299.0 127.0
807.0 449.0 125.0
911.0 293.0 141.0
1028.0 344.0 140.0
983.0 337.0 140.0
723.0 312.0625 173.0
852.0 407.0 174.0
878.0 428.0 183.0
864.0 469.0 180.0
1037.0 387.0 187.0
854.0 303.0 235.0
957.0 392.0 239.0
992.0 285.0 259.0
719.3148148148148 451.3333333333333 269.5925925925926
741.0 372.0 270.0
771.0 334.0 296.0
1027.0 322.0 285.0
763.0 495.0 297.0
935.0 426.0 327.0
943.0 459.0 376.5625
1298.0 387.0 23.0
1344.0 422.625 37.3125
1218.0 276.0 41.0
1431.3125 286.0 56.875
1193.0 478.0 63.0
1184.0 364.0 83.0
1275.0 324.0 110.0
1276.0 529.0 130.9375
1348.0 314.0 172.0
1104.0 386.0 169.0
1371.0 410.0 168.0
1350.0 422.0 182.0
1258.0 389.0 227.0
1250.0 512.0 252.875
1405.0 358.0 286.25
1249.0 410.0 313.0
1301.5833333333333 485.1666666666667 341.4166666666667
1138.0 409.0 341.0
1340.0 307.0 508.25
321.0 642.0 49.0
99.0 671.0 50.0
47.75 647.0 57.0
63.625 726.0833333333334 261.5
274.0 581.0 56.0
192.0 583.0 65.0
182.0 623.0 83.0
217.0 732.0 101.0
46.0 656.0 131.0
353.0 673.0 126.0
330.0 673.0 129.0
287.0 724.0 132.0
277.0 623.0 205.5
352.0 590.0 212.0
260.0 581.0 251.0
167.0 581.0 338.0
218.0 779.0 346.0
63.666666666666664 726.0416666666666 275.3333333333333
296.0 650.0 429.125
231.0 596.0 470.0
552.0 779.0 20.3125
551.9375 778.8125 20.6875
579.0 573.0 185.0625
616.0 621.0 46.0
642.8125 669.625 55.0
431.0 608.0 58.0
477.0 741.0 107.0
547.0 623.0 111.0
473.0 632.0 118.0
661.0 549.0 124.0
451.0 544.0 131.0
443.0 623.0 133.0
448.0 693.0 137.0
395.125 792.1875 153.0
448.0 626.0 172.0
574.0 589.0 180.0
542.0 559.0 215.0
379.0 723.0 247.0
683.0 720.0 293.0
688.0 752.0 280.0
669.8125 668.9375 317.0
611.0 683.0 316.0
705.0 575.0 338.0
687.0 590.0 335.0
505.0 749.0 345.5
538.0 726.0 369.6875
516.0 682.0 379.0
628.875 580.0 387.125
423.8125 604.0 422.0
580.0 781.0 398.0
654.125 579.0 421.0
434.0 578.0 420.0
362.0 781.0 431.0
971.0 744.0 18.0
912.0 593.0 19.25
991.25 541.0277777777777 60.0
1047.0 725.0 32.0
986.0 556.0 36.0
806.0 794.0 41.0
807.0 706.0 46.875
779.0 745.0 62.0
851.0 736.0 61.0
1021.0 637.0 70.0
940.0 670.4375 104.0
731.0 553.0 108.0
831.0 618.0 112.0
947.0 789.0 125.0
973.0 791.0 144.0
1010.0 550.0 144.0
764.625 768.0 151.0
786.0 645.0 158.0
820.0 777.0 221.0
1047.0 589.0 231.3125
1019.0 667.625 232.0
891.0 669.0 266.0
927.0625 624.0 277.25
745.0 650.0 285.0
1065.0 754.0 284.0
812.0 696.0 299.9375
885.0 580.0 290.125
1042.0625 579.0 292.0
848.0 704.0 302.0
874.0 723.0 331.0
912.0 715.0 379.125
825.0 558.0 452.0
1022.0 756.0 454.0
1241.6875 687.0 19.0
1349.0 580.0 25.0
1389.0 726.0 24.0
1181.0 759.0 28.0
1279.0 661.0 53.0
1079.111111111111 653.0 49.0
1079.6666666666667 710.0416666666666 65.0
1095.0 762.0 86.0
1434.0 691.0 96.0
1113.0 586.0 99.0
1241.0 664.0 126.0
1325.0 550.0 154.0
1327.0 795.0 158.0
1238.0 614.0 198.0
1392.0 659.0 227.0
1231.0 710.0 228.0
1367.875 650.0625 291.8125
1163.0 590.0 308.0
1218.0416666666667 542.3333333333334 279.0
1241.0 550.0 350.5
1287.0 585.0 356.0
1300.0 688.0 353.0
1175.0 720.0 428.75
38.8125 986.0 55.0
290.0 1013.0 58.0
87.0 931.0 107.0
322.25 873.0 130.0
338.9375 1042.875 177.9375
190.0 843.0 182.0
169.0 889.0 243.9375
209.25 947.0 209.0
305.8125 1068.4375 234.0
296.0 835.9375 235.0
216.0 918.0 280.0
212.0 1026.0625 326.25
556.0 954.0 29.0
411.0 867.0 43.0
589.0 905.0 43.0
388.75 818.1875 43.25
634.0 1008.0 98.0
411.0 910.0 127.0
559.0 852.0 130.0
665.0 1008.0 156.0
502.8125 950.0 195.5
363.0 922.0 197.0
657.3125 863.3125 201.0
430.0 858.0 234.0
664.0 915.0 239.375
572.0 876.0 275.0
364.0 822.0 290.0
681.0 818.0 309.0
384.0 959.0 359.0
504.4375 895.0 359.0
494.0 958.0 402.5
949.0 983.0 38.0
739.0 1010.0 57.0
762.3125 851.0 126.0
862.0 877.0 119.0
1062.0 937.0 168.0
739.75 1052.75 168.0
812.0 949.0 177.0
1037.0 1056.5625 208.0625
1024.0 910.0 234.0
1057.4375 921.9375 240.0
864.0 919.125 244.5
1012.0 850.0 298.0
1025.0 814.0 295.0
893.6875 930.0 326.75
1074.3125 889.0625 339.0
833.0 877.0 371.0
878.0 934.0 421.9375
788.0 897.0 417.75
1385.25 1060.0 33.5
1204.0 844.0 33.0
1265.0 897.0 37.5625
1292.0 983.0 48.5
1114.0 864.0 59.0
1143.0 1009.25 90.0
1235.0 1009.0 111.0
1400.0 989.0 119.0625
1113.5 1019.0 124.0
1188.0 844.0 156.0
1338.0 965.0 167.0
1168.0 916.0 168.0
1203.0 870.0 186.0
1133.0 938.0 218.375
1186.0 1038.375 226.41666666666666
797.0 228.0 1.0
1431.0 176.0 1.0
105.0 417.0 1.0
229.0 630.0 1.0
464.0 366.0 2.0
1174.0 317.0 2.0
74.0 942.0 2.0
870.0 503.0 3.0
572.0 645.0 3.0
1269.0 75.0 4.0
302.0 382.0 4.0
1148.0 451.0 4.0
1384.0 329.0 4.0
301.0 563.0 4.0
368.0 568.0 4.0
1429.0 825.0 4.0
392.0 168.0 5.0
372.0 327.0 5.0
914.0 432.0 5.0
1427.0 161.0 6.0
125.0 389.0 6.0
545.0 320.0 6.0
238.0 447.0 8.0
1050.0 767.0 8.0
106.0 12.0 9.0
5.0 288.0 9.0
1160.0 294.0 9.0
130.0 1019.0 9.0
453.0 522.0 9.0
117.0 285.0 10.0
56.0 944.0 10.0
1032.0 842.0 10.0
91.0 82.0 11.0
137.0 456.0 11.0
579.0 361.0 11.0
1030.0 479.0 11.0
228.0 625.0 11.0
1149.0 737.0 11.0
682.0 865.0 11.0
820.0 820.0 11.0
1324.0 908.0 11.0
55.0 24.0 11.0
55.0 23.0 11.0
1141.0 83.0 12.0
110.0 392.0 12.0
684.0 11.0 13.0
1257.0 20.0 13.0
1338.0 329.0 13.0
832.0 750.0 14.0
136.0 21.0 15.0
221.0 239.0 15.0
141.0 496.0 15.0
1346.0 63.0 15.0
1246.0 42.0 16.0
551.0 422.0 16.0
1049.25 730.0 16.0
20.0 192.0 17.0
1186.0 218.0 17.0
586.0 220.0 18.0
9.0 419.0 18.0
695.0 698.0 18.0
883.0 679.0 18.0
635.0 311.0 18.0
155.0 135.0 19.0
368.0 60.0 19.0
728.0 57.0 19.0
927.0 693.0 19.0
510.0 905.0 19.0
986.0 142.0 20.0
344.0 291.0 20.0
42.0 756.0 20.0
1298.0 609.0 20.0
356.0 877.0 20.0
452.0 777.0 20.0
1384.0 541.0 20.0
695.0 598.0 21.0
1128.0 642.0 21.0
1147.0 67.0 22.0
497.0 653.0 22.0
1003.0 556.0 22.0
1232.0 875.0 22.0
1225.0 341.0 22.0
239.0 163.0 23.0
74.0 779.0 23.0
987.0 796.0 23.0
1303.5 846.0 23.0
1061.0 46.0 24.0
1233.0 195.0 24.0
1384.0 139.0 24.0
1219.0 94.0 24.0
79.0 698.0 24.0
347.0 961.0 24.0
695.0 818.0 24.0
1188.0 535.0 24.0
325.0 205.0 25.0
701.0 433.0 26.0
1003.0 367.0 26.0
147.0 712.0 26.0
1311.0 796.0 26.0
433.0 996.0 26.0
1044.0 799.0 26.0
1349.0 654.0 27.0
1420.0 877.0 27.0
360.0 530.0 27.0
820.0 542.0 27.0
506.0 735.0 28.0
1004.5 505.5 28.0
1030.0 226.0 29.0
1091.0 366.0 29.0
237.0 635.0 29.0
1395.0 605.0 29.0
554.0 176.0 30.0
1021.0 652.0 30.0
1123.0 745.0 30.0
643.0 533.0 30.0
826.0 1059.0 30.0
491.0 89.0 31.0
1346.0 115.0 31.0
286.0 378.0 31.0
1362.0 994.0 31.0
402.0 186.0 32.0
500.0 99.0 32.0
597.0 202.0 32.0
623.0 513.0 32.0
1428.0 408.0 32.0
1333.0 1004.0 32.0
293.0 384.0 33.0
1239.0 473.0 33.0
253.0 609.0 33.0
5.0 21.0 34.0
266.0 65.0 34.0
1341.0 777.0 34.0
1041.0 488.0 35.0
1276.0 314.0 35.0
1067.0 625.0 35.0
1209.0 541.0 35.0
725.0 1004.0 36.0
1330.0 903.0 36.0
444.0 829.0 36.0
446.0 825.0 36.0
527.0 296.0 37.0
463.0 355.0 37.0
278.0 208.0 38.0
566.0 170.0 38.0
310.0 437.0 38.0
512.0 455.0 38.0
43.0 613.0 38.0
533.0 622.0 38.0
201.0 1049.0 38.0
568.0 1040.0 38.0
847.0 989.0 38.0
506.0 251.0 39.0
286.0 492.0 39.0
94.0 272.0 39.0
576.0 341.0 40.0
518.0 483.0 40.0
573.0 201.0 41.0
154.0 552.0 41.0
112.0 1025.0 41.0
940.0 540.0 41.0
1199.0 378.0 42.0
1202.0 354.0 42.0
1362.0 578.0 42.0
1039.0 140.0 43.0
169.0 426.0 43.0
998.0 436.0 43.0
43.0 1015.0 43.0
654.0 456.0 43.0
581.0 675.0 44.0
400.0 316.0 44.0
171.0 64.0 45.0
1381.0 393.0 45.0
172.0 680.0 45.0
1261.0 729.0 45.0
167.0 1031.0 45.0
771.0 11.0 46.0
146.0 705.0 46.0
1162.0 187.0 47.0
1189.0 196.0 47.0
1426.0 351.0 47.0
181.0 590.0 47.0
699.0 540.0 47.0
471.0 232.0 48.0
1372.0 12.0 48.0
540.0 406.0 48.0
1086.0 498.0 48.0
1155.0 728.0 48.0
1175.0 271.0 48.0
274.0 198.0 49.0
101.0 252.5 49.0
431.0 359.0 50.0
795.0 189.0 51.0
200.0 299.0 51.0
819.0 420.0 51.0
1280.0 457.0 51.0
782.0 1003.0 51.0
1428.0 873.0 51.0
1067.0 899.0 52.0
1088.0 293.0 53.0
1269.0 597.0 53.0
502.0 270.0 53.0
5.0 85.0 54.0
1245.0 196.0 54.0
1426.0 141.0 54.0
913.0 1057.0 54.0
210.0 81.0 55.0
706.0 205.0 55.0
390.0 473.0 55.0
465.0 194.0 55.0
881.0 497.0 56.0
158.0 734.0 56.0
348.0 1049.0 56.0
276.0 248.0 56.0
139.0 86.0 57.0
524.0 142.0 57.0
546.0 284.0 57.0
340.0 608.0 57.0
626.0 211.0 58.0
320.0 585.0 58.0
447.0 758.0 58.0
403.0 633.0 58.0
231.0 923.0 58.0
707.0 1045.0 58.0
377.0 295.0 58.0
1216.0 189.0 59.0
183.0 376.0 59.0
862.0 362.0 59.0
1231.0 447.0 59.0
187.0 767.0 59.0
527.0 648.0 59.0
1192.0 687.0 59.0
1364.0 892.0 59.0
516.0 66.0 59.0
34.0 64.0 60.0
7.0 443.0 60.0
173.0 927.0 60.0
1163.0 827.0 60.0
167.0 816.0 60.0
124.0 16.0 61.0
158.0 568.0 61.0
1234.0 236.0 62.0
1043.0 370.0 62.0
919.0 697.0 62.0
1273.0 1041.0 62.0
1284.0 272.0 62.0
616.0 540.0 62.0
168.0 172.0 63.0
1320.0 480.0 63.0
348.0 909.0 63.0
367.0 971.0 63.0
490.0 972.0 63.0
911.0 811.0 63.0
1083.0 743.0 63.5
247.0 82.0 64.0
554.0 738.0 64.0
458.0 548.0 64.0
1396.0 653.0 64.0
197.0 726.0 64.0
47.0 210.0 65.0
879.0 488.0 65.0
1316.0 305.0 65.0
1133.0 511.0 65.0
367.0 943.0 65.0
987.0 202.0 66.0
60.0 397.0 66.0
940.0 254.0 67.0
587.0 401.0 67.0
766.0 992.0 67.0
1349.0 197.0 68.0
453.0 369.0 68.0
92.0 672.0 68.0
1357.0 163.0 69.0
386.0 327.0 69.0
965.0 408.0 69.0
65.0 603.0 69.0
1428.0 611.0 69.0
1152.0 604.0 69.0
1275.0 823.0 69.0
181.0 501.0 70.0
20.0 500.0 70.0
1344.0 590.0 70.0
462.0 94.0 71.0
1212.0 345.0 71.0
631.0 834.0 71.0
137.0 57.0 72.0
707.0 208.0 72.0
990.0 167.0 72.0
140.0 409.0 72.0
230.0 295.0 72.0
996.0 483.0 72.0
1053.0 492.0 72.0
244.0 623.0 72.0
370.0 971.0 72.0
271.0 75.0 73.0
515.0 73.0 73.0
668.0 693.0 73.0
641.0 566.0 73.0
1256.0 1015.0 73.0
1346.0 902.0 73.0
567.0 102.0 74.0
308.0 409.0 74.0
1398.0 835.0 74.0
726.5 27.0 74.0
1038.0 371.0 75.0
859.0 329.0 75.0
1307.0 300.0 75.0
453.0 578.0 75.0
149.0 874.0 75.0
209.0 52.0 76.0
125.0 184.0 76.0
165.0 114.0 76.0
64.0 393.0 76.0
154.0 541.0 76.0
340.0 147.0 77.0
119.0 151.0 77.0
140.0 439.0 77.0
1086.0 649.0 77.0
306.0 356.0 78.0
822.0 376.0 78.0
798.0 294.0 78.0
748.0 520.0 78.0
45.0 631.0 78.0
753.0 646.0 78.0
745.0 542.0 78.0
245.0 87.0 79.0
169.0 138.0 79.0
262.0 379.0 79.0
1023.0 492.0 79.0
425.0 671.0 80.0
675.0 829.0 80.0
634.0 810.0 80.0
418.0 356.0 81.0
194.0 671.0 81.0
536.0 812.0 81.0
772.0 1007.0 81.0
1028.0 14.0 82.0
123.0 271.0 82.0
422.0 306.0 82.0
412.0 162.0 83.0
24.0 468.0 83.0
1333.0 342.0 83.0
1183.0 487.0 83.0
335.0 761.0 83.0
857.0 271.0 83.0
699.0 220.0 84.0
916.0 81.0 84.0
1358.0 104.0 84.0
930.0 322.0 84.0
361.0 304.0 84.0
1270.0 114.0 85.0
29.0 314.0 85.0
1066.0 476.0 85.0
742.0 183.0 86.0
211.0 508.0 86.0
847.0 312.0 86.0
1222.0 899.0 86.0
132.0 876.0 86.0
268.0 810.0 87.0
555.0 204.0 89.0
1322.0 155.0 89.0
209.0 394.0 89.0
1213.0 445.0 89.0
1028.0 585.0 89.0
210.0 290.5 89.5
1337.0 232.0 90.0
685.0 627.0 90.0
914.0 554.0 90.0
97.0 320.0 91.0
559.0 319.0 91.0
1273.0 586.0 91.0
281.0 1046.0 91.0
446.0 191.0 92.0
253.0 595.0 92.0
229.0 86.0 93.0
19.0 555.0 93.0
1160.0 271.0 93.0
136.0 620.0 94.0
454.0 906.0 94.0
747.0 374.0 95.0
923.0 384.0 95.0
759.0 1055.0 95.0
965.0 1022.0 95.0
1346.0 584.0 96.0
780.0 419.0 96.0
1142.0 540.0 96.0
369.0 504.0 97.0
1374.0 437.0 97.0
141.0 639.0 97.0
347.0 893.0 97.0
427.0 334.0 98.0
238.0 784.0 98.0
646.0 68.0 98.0
1403.0 297.0 99.0
19.0 767.0 99.0
135.0 732.0 99.0
1328.0 937.0 99.0
412.0 304.0 100.0
948.0 471.0 100.0
1267.0 423.0 100.0
922.0 320.0 101.0
849.0 299.0 101.0
1267.0 486.0 101.0
1130.0 321.0 101.0
115.0 565.0 101.0
410.0 667.0 101.0
244.0 365.0 102.0
252.0 287.0 102.0
1055.0 339.0 102.0
550.0 988.0 102.0
1138.0 810.0 102.0
1054.0 16.0 103.0
1102.0 13.0 103.0
1136.0 771.0 103.0
942.0 597.0 103.0
162.0 230.0 104.0
1162.0 175.0 104.0
598.0 720.0 104.0
1232.0 845.0 104.0
380.0 1034.0 104.0
420.0 364.0 105.0
1289.0 519.0 105.0
954.0 157.0 106.0
1328.0 906.0 106.0
266.0 777.0 106.0
140.0 293.0 107.0
203.0 755.0 107.0
697.0 1048.0 107.0
1011.0 218.0 108.0
1270.0 483.0 108.0
1400.0 748.0 108.0
304.0 923.0 108.0
924.0 1028.0 108.0
1193.0 557.0 108.0
215.0 235.0 109.0
707.0 558.0 109.0
767.0 947.0 109.0
416.0 44.0 110.0
822.0 205.0 110.0
553.0 507.0 110.0
10.0 707.0 110.0
717.0 1019.0 110.0
538.0 929.0 111.0
570.0 1025.0 111.0
465.0 718.0 112.0
639.0 271.0 112.0
967.0 320.0 113.0
281.0 509.0 114.0
1278.0 440.0 114.0
1076.0 229.0 114.0
498.0 82.0 115.0
713.0 163.0 115.0
323.0 778.0 115.0
1101.0 634.0 115.0
995.0 719.0 115.0
686.0 132.0 116.0
1170.0 220.0 116.0
1327.0 198.0 116.0
1168.0 384.0 116.0
456.0 743.0 116.0
1167.0 684.0 116.0
979.0 208.0 117.0
1319.0 440.0 117.0
246.0 653.0 117.0
972.5 876.0 117.0
89.0 503.0 118.0
419.0 475.0 118.0
1245.0 323.0 118.0
642.0 736.0 118.0
1410.0 584.0 118.0
1121.0 193.0 119.0
1416.0 159.0 119.0
59.0 103.0 120.0
893.0 118.0 120.0
914.0 353.0 120.0
137.0 556.0 120.0
993.5 526.0 120.0
501.0 82.0 121.0
1246.0 226.0 121.0
542.0 389.0 121.0
1202.0 402.0 121.0
1351.0 491.0 121.0
1117.0 593.0 121.0
1385.0 833.0 121.0
605.0 357.0 122.0
741.0 499.0 122.0
29.0 731.0 122.0
546.0 173.0 123.0
1427.0 323.0 123.0
192.0 996.0 123.0
591.0 540.0 123.0
818.0 178.0 124.0
1083.0 342.0 124.0
6.0 751.0 124.0
1428.0 157.0 125.0
6.0 293.0 125.0
1113.0 315.0 125.0
21.0 708.0 125.0
981.0 615.0 125.0
1208.0 586.0 125.0
325.0 922.0 125.0
1286.0 199.0 126.0
308.0 386.0 126.0
1138.0 374.0 126.0
1115.0 834.0 126.0
202.0 224.0 127.0
237.0 460.0 127.0
1315.0 441.0 127.0
787.0 483.0 127.0
366.0 33.5 127.5
5.0 552.0 128.0
160.0 329.0 129.0
141.0 393.0 129.0
658.0 574.0 129.0
1315.0 579.0 129.0
677.0 1036.0 129.0
1240.0 586.0 130.0
794.0 1050.0 130.0
1390.0 1035.0 130.0
91.0 39.0 131.0
45.0 869.0 131.0
578.0 298.0 132.0
923.0 349.0 132.0
1030.0 870.0 132.0
1267.0 170.0 133.0
1359.0 244.0 133.0
948.0 376.0 133.0
1176.0 821.0 133.0
1080.0 1053.0 133.0
307.0 500.0 134.0
257.0 375.0 134.0
1345.0 617.0 134.0
366.0 34.5 134.0
1343.0 270.0 134.0
855.0 334.0 135.0
1170.0 519.0 135.0
72.0 626.0 135.0
223.0 312.0 136.0
461.0 391.0 136.0
842.0 401.0 136.0
1226.0 313.0 136.0
221.0 652.0 136.0
1251.0 351.0 137.0
1151.0 911.0 137.0
100.0 372.0 137.0
662.0 105.0 138.0
865.0 511.0 138.0
1325.0 734.0 138.0
341.0 748.0 139.0
562.0 726.0 139.0
511.0 782.0 140.0
1210.0 684.0 140.0
1189.0 645.0 140.0
1392.0 929.0 140.0
1103.0 993.0 140.0
386.0 669.0 141.0
1201.0 604.0 141.0
1088.0 235.0 142.0
1064.0 516.0 142.0
507.0 787.0 142.0
1290.0 659.0 142.0
404.0 821.0 142.0
277.0 810.0 142.0
1010.0 94.0 144.0
227.0 343.0 144.0
383.0 636.0 144.0
1178.0 17.0 145.0
1027.0 429.0 145.0
1347.0 559.0 145.0
1419.0 834.0 145.0
840.5 82.0 145.0
550.0 168.0 146.0
464.0 388.0 146.0
988.0 324.0 146.0
87.0 666.0 146.0
755.0 894.0 146.0
814.0 829.0 146.0
14.0 542.0 146.0
102.0 119.0 147.0
1153.0 167.0 147.0
1223.0 811.0 147.0
133.0 15.0 148.0
631.0 944.0 148.0
477.0 73.0 149.0
389.0 14.0 149.0
314.0 383.0 149.0
157.0 207.0 150.0
180.0 672.0 150.0
186.0 624.0 150.0
488.0 564.0 150.0
595.0 847.0 150.0
910.0 209.0 151.0
201.0 684.0 151.0
698.0 588.0 151.0
1421.0 635.0 151.0
1318.0 913.0 151.0
1108.0 1034.0 151.0
881.0 540.0 151.0
1022.0 194.0 152.0
56.0 778.0 152.0
455.0 762.0 152.0
101.0 236.0 152.0
297.0 240.0 153.0
427.0 493.0 153.0
302.0 683.0 153.0
1106.0 988.0 153.0
93.0 250.0 153.0
176.0 593.0 154.0
708.0 1026.0 154.0
563.0 989.0 154.0
983.0 423.0 155.0
1256.0 441.0 156.0
554.0 760.0 156.0
786.0 562.0 156.0
1421.0 585.0 156.0
789.0 927.0 156.0
155.0 701.0 157.0
148.0 843.0 157.0
513.0 123.0 158.0
557.0 448.0 158.0
671.0 733.0 158.0
1314.0 592.0 158.0
1042.0 382.0 158.0
1426.0 385.0 159.0
229.0 734.0 159.0
1081.0 543.0 159.0
527.0 107.0 160.0
758.0 111.0 160.0
202.0 495.0 160.0
210.0 584.0 160.0
812.0 576.0 160.0
748.0 914.0 160.0
128.0 415.0 161.0
295.0 380.0 161.0
1381.0 452.0 161.0
75.0 569.0 161.0
1283.0 551.0 161.0
483.0 85.0 162.0
868.0 482.0 162.0
1281.0 298.0 162.0
1084.0 1037.0 162.0
301.0 84.0 163.0
1264.0 345.0 163.0
274.0 125.0 164.0
181.0 373.0 164.0
406.0 43.0 165.0
881.0 183.0 165.0
812.0 75.0 165.0
7.0 434.0 165.0
659.0 411.0 165.0
23.0 554.0 165.0
90.0 993.0 165.0
743.0 969.0 165.0
378.0 540.0 165.0
109.0 401.0 166.0
408.0 24.0 167.0
782.0 501.0 167.0
1064.0 463.0 167.0
207.0 642.0 167.0
366.0 466.0 168.0
814.0 394.0 168.0
912.0 582.0 169.0
262.0 847.0 169.0
572.0 153.0 170.0
414.0 192.0 170.0
1196.0 501.0 171.0
618.0 595.0 171.0
1249.0 929.0 171.0
777.0 541.0 171.0
1105.0 492.0 172.0
336.0 620.0 172.0
309.0 712.0 172.0
783.0 969.0 172.0
49.0 590.0 172.0
448.0 59.0 173.0
257.0 586.0 173.0
1216.0 739.0 173.0
429.0 450.0 174.0
324.0 744.0 174.0
46.0 179.0 175.0
273.0 120.0 175.0
1130.0 126.0 175.0
341.0 433.0 175.0
245.0 657.0 175.0
251.0 872.0 175.0
1389.0 1031.0 175.0
513.0 634.0 175.0
493.0 133.0 176.0
388.0 457.0 176.0
850.0 730.0 176.0
91.0 811.0 176.0
227.0 505.0 177.0
978.0 354.0 177.0
460.0 565.0 177.0
806.0 612.0 177.0
1084.0 554.0 177.0
443.0 1038.0 177.0
356.0 1049.0 177.0
482.0 120.0 178.0
779.0 703.0 178.0
224.0 1037.0 178.0
328.0 1019.0 178.0
184.0 1037.5 178.0
1385.0 173.0 179.0
1379.0 456.0 179.0
1309.0 591.0 179.0
804.0 923.0 179.0
1255.0 538.0 179.0
201.0 55.0 180.0
675.0 105.0 180.0
59.0 364.0 180.0
1399.0 321.0 180.0
215.0 588.0 180.0
483.0 562.0 180.0
1402.0 912.0 180.0
844.0 272.0 180.0
1257.0 693.0 180.0
436.0 309.0 182.0
1423.0 578.0 182.0
1286.0 537.0 182.0
184.0 1036.0 182.0
486.0 890.0 182.0
261.0 230.0 183.0
343.0 410.0 183.0
767.0 389.0 183.0
1263.0 330.0 184.0
517.0 656.0 184.0
1071.0 810.0 184.0
802.0 42.0 185.0
944.0 224.0 185.0
388.0 458.0 185.0
1188.0 675.0 185.0
1230.0 833.0 185.0
353.0 922.0 185.0
1087.0 73.0 186.0
53.0 395.0 186.0
311.0 85.0 187.0
344.0 472.0 187.0
65.0 676.0 187.0
12.0 34.0 188.0
643.0 427.0 188.0
876.0 482.0 188.0
1322.0 436.0 188.0
625.0 922.0 188.0
922.0 304.0 189.0
931.0 339.0 189.0
1049.0 843.0 189.5
541.0 506.0 190.0
817.0 582.0 190.0
545.0 1037.0 190.0
850.0 972.0 191.0
70.0 609.0 191.0
497.0 36.0 192.0
1005.0 33.0 192.0
74.0 372.0 192.0
482.0 668.0 192.0
784.0 776.0 192.0
505.0 1022.0 192.0
71.0 235.0 192.0
953.0 400.0 193.0
97.0 447.0 194.0
319.0 686.0 196.0
50.0 88.0 199.0
130.0 547.0 199.0
444.0 681.0 199.0
498.0 919.0 199.0
689.0 784.0 200.0
1203.0 659.0 200.0
1012.0 27.0 201.0
625.0 886.0 201.0
299.0 861.0 202.0
537.0 959.0 202.0
778.0 886.0 202.0
219.0 762.0 203.0
629.0 551.0 203.0
964.0 744.0 203.0
1172.0 327.0 204.0
650.0 680.0 204.0
1327.0 568.0 204.0
1348.0 4.0 204.0
108.0 980.0 206.0
1201.0 110.0 207.0
303.0 488.0 207.0
968.0 337.0 207.0
1252.0 402.0 207.0
1412.0 623.0 207.0
829.0 648.0 208.0
1127.0 767.0 208.0
383.0 861.0 208.0
1175.0 922.0 209.0
316.0 763.0 210.0
778.0 975.0 210.0
949.0 231.0 211.0
332.0 1044.0 211.0
1383.5 616.0 211.0
145.0 1037.0 212.0
49.0 607.0 213.0
429.0 697.0 213.0
182.0 1026.0 213.0
916.0 137.0 214.0
1209.0 460.0 214.0
1278.0 304.0 215.0
1146.0 450.0 215.0
776.0 888.0 216.0
244.0 753.0 219.0
14.0 579.0 219.0
1374.0 226.0 220.0
1369.0 433.0 220.0
1296.0 1028.0 220.0
1006.0 519.0 220.0
694.0 923.0 221.0
1437.0 1012.0 221.0
916.0 628.0 222.0
942.0 154.0 224.0
285.0 65.0 225.0
179.0 223.0 226.0
651.0 784.0 226.0
980.0 497.0 227.0
183.0 667.0 228.0
1315.0 786.0 228.0
409.0 892.0 228.0
617.0 416.0 229.0
541.0 852.0 231.0
537.0 967.0 232.0
727.0 504.0 234.0
46.0 451.0 235.0
336.0 67.0 237.0
1395.0 449.0 238.0
921.0 507.0 239.0
1434.0 1014.0 239.0
356.625 921.875 239.5
835.0 648.0 240.0
64.0 632.0 241.0
145.0 190.0 242.0
665.0 23.0 242.0
31.0 898.0 243.0
366.0 603.0 244.0
779.0 173.0 244.0
146.0 734.0 245.0
459.0 205.0 247.0
190.0 922.0 247.0
152.0 576.0 248.0
761.0 566.0 248.0
334.0 93.0 249.0
74.0 92.0 251.0
952.0 75.0 251.0
1127.0 607.0 253.0
593.0 1001.0 253.0
747.0 371.0 255.0
367.0 1021.0 255.0
1052.0 1021.0 257.0
1266.0 68.0 258.0
225.0 1028.0 258.0
430.0 842.0 258.0
675.0 238.0 259.0
970.0 176.0 259.0
475.0 382.0 259.0
661.0 343.0 259.0
148.0 558.0 259.0
1327.0 762.0 259.0
481.0 883.0 260.0
942.0 111.0 263.0
529.0 99.0 264.0
1275.0 707.0 264.0
41.0 788.0 266.5
1107.0 170.0 269.0
357.0 822.0 270.0
710.0 999.0 273.0
1017.0 541.0 274.0
974.0 998.0 275.0
978.0 158.0 276.0
1067.0 66.0 276.0
54.0 607.0 277.0
1371.0 559.0 277.0
300.0 443.0 283.0
888.0 374.0 283.0
357.0 821.0 283.0
472.0 544.0 284.0
905.0 310.0 286.0
398.0 325.0 288.0
1015.0 256.0 289.0
1009.0 26.0 292.0
956.0 965.0 294.0
802.0 391.0 295.0
835.0 1035.0 296.0
558.0 232.0 302.0
1409.0 569.0 303.0
667.0 776.0 306.0
525.0 580.0 317.0
676.0 720.0 319.0
68.0 494.0 321.0
830.0 126.5 326.0
51.0 230.0 331.0
679.0 65.0 335.0
764.8333333333333 1075.3333333333335 345.33333333333337
212.0 255.0 347.0
11.0 524.0 357.0
721.0 844.0 366.0
1157.0 126.0 386.0
960.0 210.0 404.0
915.0 332.0 404.0
166.0 864.0 406.0
1175.0 584.0 412.0
558.0 720.0 416.0
571.0 35.0 426.0
582.0 160.0 427.0
977.5 966.5 494.75
